2222222222222222222222222222222222222222222222222222222222222222
2222222222222222222222222222222222222222222222222222222222222222
2222222222222211222222222222222222222222222222222222222222222222
2333333222211111112222222222222222222222222222222222222222222222
2222223222110000012222222222222222222222222222222222222222222222
2222223222210000112222222222222222222222222222222222222222222222
2222223222211111122222222222222222222222222222222222222222222222
2222223333332222222222222222222222222222222222222222222222222222
2222222222232222222222222222222222222222222222222222222222222222
2222222222232222222222222222222222222222222222222222222222222222
2222222222232222222222222222222222222222222222222222222222222222
2222222222222222222222222222222222222222222222222222222222222222
2222222222222222222222222222222222222222222222222222222222222222
2222222222222222222222222222222222222222222222222222222222222222
2222222222222222222222222222222222222222222222222222222222222222
2222222222222222222222222222222222222222222222222222222222222222
2222222222222222222222222222222222222222222222222222222222222222
2222222222222222222222222222222222222222222222222222222222222222
2222222222222222222222222222222222222222222222222222222222222222
2222222222222222222222222222222222222222222222222222222222222222
2222222222222222222222222222222222222222222222222222222222222222
2222222222222222222222222222222222222222222222222222222222222222
2222222222222222222222222222222222222222222222222222222222222222
2222222222222222222222222222222222222222222222222222222222222222
2222222222222222222222222222222222222222222222222222222222222222
2222222222222222222222222222222222222222222222222222222222222222
2222222222222222222222222222222222222222222222222222222222222222
2222222222222222222222222222222222222222222222222222222222222222
2222222222222222222222222222222222222222222222222222222222222222
2222222222222222222222222222222222222222222222222222222222222222
2222222222222222222222222222222222222222222222222222222222222222
2222222222222222222222222222222222222222222222222222222222222222
2222222222222222222222222222222222222222222222222222222222222222
2222222222222222222222222222222222222222222222222222222222222222
2222222222222222222222222222222222222222222222222222222222222222
2222222222222222222222222222222222222222222222222222222222222222
2222222222222222222222222222222222222222222222222222222222222222
2222222222222222222222222222222222222222222222222222222222222222
2222222222222222222222222222222222222222222222222222222222222222
2222222222222222222222222222222222222222222222222222222222222222
2222222222222222222222222222222222222222222222222222222222222222
2222222222222222222222222222222222222222222222222222222222222222
2222222222222222222222222222222222222222222222222222222222222222
2222222222222222222222222222222222222222222222222222222222222222
2222222222222222222222222222222222222222222222222222222222222222
2222222222222222222222222222222222222222222222222222222222222222
2222222222222222222222222222222222222222222222222222222222222222
2222222222222222222222222222222222222222222222222222222222222222
2222222222222222222222222222222222222222222222222222222222222222
2222222222222222222222222222222222222222222222222222222222222222
2222222222222222222222222222222222222222222222222222222222222222
2222222222222222222222222222222222222222222222222222222222222222
2222222222222222222222222222222222222222222222222222222222222222
2222222222222222222222222222222222222222222222222222222222222222
2222222222222222222222222222222222222222222222222222222222222222
2222222222222222222222222222222222222222222222222222222222222222
2222222222222222222222222222222222222222222222222222222222222222
2222222222222222222222222222222222222222222222222222222222222222
2222222222222222222222222222222222222222222222222222222222222222
2222222222222222222222222222222222222222222222222222222222222222
2222222222222222222222222222222222222222222222222222222222222222
2222222222222222222222222222222222222222222222222222222222222222
2222222222222222222222222222222222222222222222222222222222222222
2222222222222222222222222222222222222222222222222222222222222222